              precision    recall  f1-score   support

   n01532829       0.85      0.73      0.79        60
   n01558993       0.77      0.72      0.74        60
   n01704323       0.76      0.75      0.76        60
   n01749939       0.93      0.87      0.90        60
   n01770081       0.81      0.85      0.83        60
   n01843383       0.93      0.85      0.89        60
   n01910747       0.91      0.87      0.89        60
   n02074367       0.96      0.87      0.91        60
   n02089867       0.90      0.72      0.80        60
   n02091831       0.70      0.77      0.73        60
   n02101006       0.70      0.75      0.73        60
   n02105505       0.81      0.87      0.84        60
   n02108089       0.65      0.67      0.66        60
   n02108551       0.89      0.55      0.68        60
   n02108915       0.81      0.58      0.68        60
   n02111277       0.76      0.68      0.72        60
   n02113712       0.79      0.63      0.70        60
   n02120079       0.90      0.77      0.83        60
   n02165456       0.86      0.85      0.86        60
   n02457408       0.85      0.67      0.75        60
   n02606052       0.96      0.85      0.90        60
   n02687172       0.80      0.93      0.86        60
   n02747177       0.49      0.67      0.56        60
   n02795169       0.71      0.57      0.63        60
   n02823428       0.78      0.63      0.70        60
   n02966193       0.77      0.77      0.77        60
   n03017168       0.68      0.67      0.67        60
   n03047690       0.62      0.60      0.61        60
   n03062245       0.72      0.57      0.64        60
   n03207743       0.84      0.90      0.87        60
   n03220513       0.67      0.78      0.72        60
   n03337140       0.72      0.82      0.77        60
   n03347037       0.72      0.87      0.79        60
   n03400231       0.63      0.63      0.63        60
   n03476684       0.61      0.82      0.70        60
   n03527444       0.77      0.83      0.80        60
   n03676483       0.91      0.68      0.78        60
   n03838899       0.59      0.67      0.62        60
   n03854065       0.65      0.78      0.71        60
   n03888605       0.88      0.77      0.82        60
   n03908618       0.72      0.70      0.71        60
   n03924679       0.88      0.77      0.82        60
   n03998194       0.72      0.83      0.78        60
   n04067472       0.57      0.65      0.61        60
   n04243546       0.75      0.87      0.81        60
   n04251144       0.76      0.78      0.77        60
   n04258138       0.56      0.68      0.62        60
   n04275548       0.62      0.73      0.67        60
   n04296562       0.57      0.78      0.66        60
   n04389033       0.94      0.83      0.88        60
   n04435653       0.67      0.83      0.74        60
   n04443257       0.72      0.65      0.68        60
   n04509417       0.42      0.63      0.51        60
   n04515003       0.82      0.75      0.78        60
   n04596742       0.68      0.53      0.60        60
   n04604644       0.62      0.77      0.69        60
   n04612504       1.00      0.92      0.96        60
   n06794110       0.70      0.72      0.71        60
   n07584110       0.92      0.95      0.93        60
   n07697537       0.91      0.70      0.79        60
   n07747607       0.95      0.87      0.90        60
   n09246464       0.81      0.73      0.77        60
   n13054560       0.82      0.83      0.83        60
   n13133613       0.75      0.72      0.74        60

    accuracy                           0.75      3840
   macro avg       0.77      0.75      0.75      3840
weighted avg       0.77      0.75      0.75      3840
